
                            SALES PERFORMANCE REPORT
                                 Excluding GST
                        Avg and % calculated on Retail $
Sale Date From: 15/04/2022 

_________________________________________________________________________________________
Sales Person   Retail $   Discount    Returns      Net $   Avg Sale   Avg Sale    % Store
              Incl Disc                                       Units          $      Total
_________________________________________________________________________________________
Alejandra        122.71       0.00    -122.71       0.00       1.00     122.71      0.00%
Alice            210.90     -45.45    -347.26    -136.36       0.67      70.30      0.01%
Amal             347.25     -23.63    -216.36     130.89       1.50     173.63      0.01%
Amanda        52,036.54   9,271.91  -2,968.41  49,068.13       1.67     158.17      1.66%
Amber              0.00     -45.45    -181.81    -181.81       0.00       0.00      0.00%
Amy              130.90     -92.73    -270.89    -139.99       0.50      65.45      0.00%
Amy               87.26     -21.82     -87.26       0.00       2.00      87.26      0.00%
Andy             363.59      35.46       0.00     363.59       1.33     121.20      0.01%
Angela             0.00     -43.64    -101.81    -101.81       0.00       0.00      0.00%
Anita              0.00     -15.45    -139.09    -139.09       0.00       0.00      0.00%
Anna             117.27     -22.73    -204.53     -87.26       1.00     117.27      0.00%
Anthony        3,178.15     273.53     -49.09   3,129.06       1.25     158.91      0.10%
Avishka       17,594.88   4,727.43    -940.68  16,654.20       1.35     140.76      0.56%
Bansi          2,396.18     460.90    -302.72   2,093.46       1.43     171.16      0.08%
Barbara       62,778.44  15,581.46  -5,694.56  57,083.88       1.57     153.49      2.01%
Barclay          139.09       3.63    -106.35      32.74       1.00     139.09      0.00%
Bronte           781.76     145.46       0.00     781.76       2.00     195.44      0.02%
Carla            269.08       0.00    -269.08       0.00       1.00     269.08      0.01%
Carol             57.26      24.55       0.00      57.26       1.00      57.26      0.00%
Catherine      5,203.31     511.74  -1,161.76   4,041.55       1.52     179.42      0.17%
Charlotte          0.00       0.00     -90.00     -90.00       0.00       0.00      0.00%
Christian        410.85     -78.19    -534.48    -123.63       1.25     102.71      0.01%
Christian      8,115.18   2,750.24    -834.44   7,280.74       1.73     147.55      0.26%
Christine        284.97    -140.91  -1,483.99  -1,199.02       0.18      25.91      0.01%
Cindy             65.45     -57.27    -433.62    -368.17       0.50      32.73      0.00%
Cindy            480.42    -241.33  -2,211.73  -1,731.31       0.36      34.32      0.02%
Clair            719.93     207.28       0.00     719.93       8.00     719.93      0.02%
Claire           130.90       0.00    -130.90       0.00       1.00     130.90      0.00%
DAVID JONES      171.08      28.00    -145.45      25.63       2.00     171.08      0.01%
David          4,737.84     762.67    -278.15   4,459.69       1.56     175.48      0.15%
Daya             177.73      46.80    -133.63      44.10       1.50      88.87      0.01%
Debbie             0.00     -46.35     -90.00     -90.00       0.00       0.00      0.00%
Dhanushree       359.97       8.36    -194.71     165.26       3.00     359.97      0.01%
Diana          2,882.71     601.77    -629.25   2,253.46       1.45     144.14      0.09%
Dolly          1,027.24      69.07       0.00   1,027.24       6.00     513.62      0.03%
Elena              0.00       0.00    -118.17    -118.17       0.00       0.00      0.00%
Emanuele      17,717.70   3,586.11  -1,210.82  16,506.88       1.67     144.05      0.57%
Emily          3,012.05     292.25     -81.81   2,930.24       1.80     200.80      0.10%
Erika              0.00       0.00    -135.45    -135.45       0.00       0.00      0.00%
Farnaz           294.52       0.00    -294.52       0.00       4.00     294.52      0.01%
Fatemeh        4,309.75     926.34       0.00   4,309.75       1.46     179.57      0.14%
Florencia          0.00       0.00     -44.55     -44.55       0.00       0.00      0.00%
Francesca     41,367.55   7,975.43  -3,324.30  38,043.25       1.76     188.89      1.32%
Gabrielle      1,519.90     324.52       0.00   1,519.90       1.40     151.99      0.05%
Gail             236.35      17.27    -253.62     -17.27       2.00     236.35      0.01%
Gearldine          0.00     -55.00    -258.62    -258.62       0.00       0.00      0.00%
Georgia      136,104.34  26,389.25  -7,660.03 128,444.31       1.72     170.99      4.35%
Gina             144.55     -12.74    -185.44     -40.89       0.50      72.28      0.00%
Giovanna         336.34     -14.55    -385.42     -49.08       0.75      84.09      0.01%
Grace              0.00       0.00     -71.82     -71.82       0.00       0.00      0.00%
Haniya             0.00     -27.09    -108.37    -108.37       0.00       0.00      0.00%
India          6,427.35   1,548.39     -65.45   6,361.90       1.63     119.03      0.21%
Ingrid            54.54       0.00     -54.54       0.00       1.00      54.54      0.00%
Isabel Dias       81.81       0.00     -81.81       0.00       1.00      81.81      0.00%
Jacqueline       106.35       0.00    -106.35       0.00       1.00     106.35      0.00%
Jennifer          95.44     -40.91     -95.44       0.00       1.00      95.44      0.00%
Jennifer         162.72    -209.80    -897.42    -734.70       0.25      20.34      0.01%
Jessica            0.00     -18.00     -72.00     -72.00       0.00       0.00      0.00%
Jessie        54,227.71  10,772.57  -2,268.10  51,959.61       1.64     192.98      1.73%
Jill (Jilly) 128,874.77  29,577.82  -8,412.90 120,461.87       1.70     185.16      4.12%
Jiyaa              0.00     -27.27    -109.08    -109.08       0.00       0.00      0.00%
Julie            410.41     -60.90    -538.60    -128.19       1.20      82.08      0.01%
Kandy              0.00     -47.28    -189.06    -189.06       0.00       0.00      0.00%
Katerina         175.89    -136.98    -435.71    -259.82       0.40      35.18      0.01%
Katerina           0.00    -100.45    -317.71    -317.71       0.00       0.00      0.00%
Kelly             89.08    -138.17    -425.42    -336.34       0.33      29.69      0.00%
Kiara              0.00     -30.91    -123.63    -123.63       0.00       0.00      0.00%
Klara            328.15     -58.18    -328.15       0.00       1.00     109.38      0.01%
Lana               0.00    -117.73    -700.40    -700.40       0.00       0.00      0.00%
Lara             254.53       0.00    -254.53       0.00       1.00     127.27      0.01%
Lea                0.00     -55.26    -207.45    -207.45       0.00       0.00      0.00%
Leah             377.45     -61.09    -362.72      14.73       3.00     377.45      0.01%
Lesley             0.00      -9.09     -81.81     -81.81       0.00       0.00      0.00%
Lily               0.00      -7.27     -65.45     -65.45       0.00       0.00      0.00%
Linda              0.00     -12.73    -114.53    -114.53       0.00       0.00      0.00%
Lisa               0.00     -45.45    -181.81    -181.81       0.00       0.00      0.00%
Louise            87.26      -8.18    -323.61    -236.35       0.33      29.09      0.00%
Louise             0.00     -25.45    -101.81    -101.81       0.00       0.00      0.00%
Loustos            0.00     -10.91     -98.17     -98.17       0.00       0.00      0.00%
Margaret         147.27       0.00    -147.27       0.00       1.00     147.27      0.00%
Margaux           76.35     -50.91     -76.35       0.00       1.00      76.35      0.00%
Maria        434,002.58  99,779.56 -36,193.12 397,809.46       1.66     153.09     13.86%
Maria             58.17       3.64     -43.63      14.54       1.00      58.17      0.00%
Maria Eduard       0.00     -30.91    -123.63    -123.63       0.00       0.00      0.00%
Marilyn          146.36     -11.82    -143.64       2.72       1.50      73.18      0.00%
Marina             0.00     -30.91    -123.63    -123.63       0.00       0.00      0.00%
Mark           1,258.96     170.01    -952.64     306.32       1.75     157.37      0.04%
Marta            245.45      99.97       0.00     245.45       3.00     245.45      0.01%
Martha Lucia   1,466.65     132.80    -255.88   1,210.77       1.44     162.96      0.05%
Matias        21,028.14   4,344.45  -1,207.16  19,820.98       1.56     124.43      0.67%
Meg                0.00     -11.82    -106.35    -106.35       0.00       0.00      0.00%
Merrilyn     109,239.94  17,742.12  -6,882.33 102,357.61       1.49     141.50      3.49%
Michael            0.00      -9.09     -81.81     -81.81       0.00       0.00      0.00%
Miryana          123.63      30.91       0.00     123.63       1.00     123.63      0.00%
Mobina           228.61      11.36    -158.16      70.45       1.50     114.31      0.01%
Nenci            386.35     -24.53    -743.60    -357.25       0.57      55.19      0.01%
Nenci          2,094.41     489.97    -302.71   1,791.70       1.58     174.53      0.07%
Nguyen Mai A       0.00     -37.26     -80.91     -80.91       0.00       0.00      0.00%
Nicole            35.64     -45.62    -189.99    -154.35       0.33      11.88      0.00%
Nikki              0.00     -45.23    -135.68    -135.68       0.00       0.00      0.00%
Ninette        1,406.42     374.37       0.00   1,406.42       1.00     108.19      0.04%
Pamela           815.88    -226.63  -1,839.67  -1,023.79       0.33      90.65      0.03%
Pammi        170,107.51  33,031.86 -11,824.37 158,283.14       1.60     152.15      5.43%
Paul              90.90      90.91       0.00      90.90       1.00      90.90      0.00%
Paula        336,005.91  62,534.98 -18,638.58 317,367.33       1.60     163.99     10.73%
Pilar          2,159.26     289.92    -452.91   1,706.35       1.25     134.95      0.07%
Rabeya             0.00     -11.82    -106.35    -106.35       0.00       0.00      0.00%
Rabina         2,954.43     642.64    -725.44   2,228.99       1.46     105.52      0.09%
Raquel         2,391.10     129.39  -1,009.25   1,381.85       1.21      99.63      0.08%
Renee        577,047.63 132,617.96 -38,045.15 539,002.48       1.67     154.62     18.43%
Renne             81.81       0.00     -81.81       0.00       1.00      81.81      0.00%
Rhonda           702.27      69.96    -554.07     148.20       1.40     140.45      0.02%
Rimma            768.30    -105.62  -1,399.00    -630.70       0.70      76.83      0.02%
Ruchika            0.00     -36.36    -145.45    -145.45       0.00       0.00      0.00%
Saakshi           82.09       0.00     -82.09       0.00       1.00      82.09      0.00%
Sally            327.27      -7.27    -392.72     -65.45       0.50     163.64      0.01%
Sandra           122.71       0.00    -122.71       0.00       1.00     122.71      0.00%
Sara          18,758.35   3,303.99  -1,734.83  17,023.52       1.53     126.75      0.60%
Sarah          2,197.19     266.33       0.00   2,197.19       3.50     549.30      0.07%
Sarah         68,628.43  15,963.14  -5,259.81  63,368.62       1.58     168.21      2.19%
Sarah            163.63     -20.00     -89.08      74.55       1.00     163.63      0.01%
Saraya           114.72      20.72    -127.26     -12.54       2.00     114.72      0.00%
Shabair      282,234.89  52,725.65 -16,013.85 266,221.04       1.68     169.10      9.02%
Shanley            0.00     -31.82    -286.35    -286.35       0.00       0.00      0.00%
Shann            253.81      27.09    -145.45     108.36       2.00     253.81      0.01%
Shirley            0.00     -24.55     -57.26     -57.26       0.00       0.00      0.00%
Shonnah           57.46       6.18     -73.63     -16.17       1.00      57.46      0.00%
Sofia          1,138.87     203.07     -72.00   1,066.87       1.11     126.54      0.04%
Sophia             0.00     -30.91    -123.63    -123.63       0.00       0.00      0.00%
Store            654.89     -20.18  -1,362.85    -707.96       0.54      50.38      0.02%
Sue              109.08       0.00    -109.08       0.00       1.00     109.08      0.00%
Susan              0.00      -8.18     -73.63     -73.63       0.00       0.00      0.00%
Susan         35,344.71   7,636.89  -2,188.63  33,156.08       1.60     173.26      1.13%
Susan             94.53     -23.64     -94.53       0.00       1.00      94.53      0.00%
Susan            543.62      54.52       0.00     543.62       1.50     135.91      0.02%
Susanne            0.00     -13.64    -122.71    -122.71       0.00       0.00      0.00%
Susie             73.63       0.00     -73.63       0.00       1.00      73.63      0.00%
Tania              0.00     -30.91    -123.63    -123.63       0.00       0.00      0.00%
Tania              0.00     -64.54     -90.00     -90.00       0.00       0.00      0.00%
Tara               0.00     -68.18    -204.52    -204.52       0.00       0.00      0.00%
Tate          30,346.96   6,729.28  -2,051.15  28,295.81       1.74     155.63      0.97%
Taznin             0.00     -23.64     -94.53     -94.53       0.00       0.00      0.00%
Teresa       409,956.54  94,633.57 -25,052.55 384,903.99       1.63     151.33     13.10%
Tina               0.00     -50.00    -268.16    -268.16       0.00       0.00      0.00%
Tracey        32,621.30   8,569.62  -1,784.83  30,836.47       1.62     140.61      1.04%
Valeria            0.00       0.00    -171.81    -171.81       0.00       0.00      0.00%
Victoria       2,188.48     822.19     -68.17   2,120.31       1.93     145.90      0.07%
Wendy Ann     17,130.60   3,530.28    -754.03  16,376.57       1.45     125.96      0.55%
Yifan            115.90     -38.64    -115.90       0.00       1.00     115.90      0.00%
Zoe                0.00      -8.18     -73.63     -73.63       0.00       0.00      0.00%
_________________________________________________________________________________________
Total       3,130,504.9 660,650.36-233,730.502,896,774.4       1.63     156.62    100.00%
_________________________________________________________________________________________
Printed by Pammi
At Store SC FS Balmain
27/03/2025 2:28 PM        POSREPS.SalesPerformance44251
