
DAILY SALES SUMMARY REPORT
=========================================

Sales Date From: 15/04/2022 
--------------------------------------------------------
DATE              GROSS      DISC        NET     Ex-GST
--------------------------------------------------------
Sat 16/04/22   9,749.34  2,037.00   7,712.34   7,011.22
Mon 18/04/22   4,869.74    974.00   3,895.74   3,541.58
Tue 19/04/22   4,259.73    704.50   3,555.23   3,232.03
Wed 20/04/22   2,789.80    316.50   2,473.30   2,248.45
Thu 21/04/22   6,738.60  1,536.00   5,202.60   4,729.64
Fri 22/04/22   4,349.70    522.50   3,827.20   3,479.27
Sat 23/04/22   7,259.52  1,301.50   5,958.02   5,416.38
Sun 24/04/22   4,584.70    623.50   3,961.20   3,601.09
Mon 25/04/22   1,699.88    199.00   1,500.88   1,364.44
Tue 26/04/22   5,439.67  1,074.00   4,365.67   3,968.79
Wed 27/04/22   4,290.70    743.10   3,547.60   3,225.09
Thu 28/04/22   7,184.59  1,426.50   5,758.09   5,234.63
Fri 29/04/22   7,369.77  1,459.00   5,910.77   5,373.43
Sat 30/04/22  10,369.38  2,188.00   8,181.38   7,437.62
Sun 01/05/22   6,850.08  1,346.25   5,503.83   5,003.48
Mon 02/05/22   3,379.81    698.00   2,681.81   2,438.01
Tue 03/05/22   4,934.65  1,094.50   3,840.15   3,491.05
Wed 04/05/22   7,001.08  1,558.75   5,442.33   4,947.57
Thu 05/05/22   3,809.74    745.00   3,064.74   2,786.13
Fri 06/05/22   4,192.73    883.28   3,309.45   3,008.59
Sat 07/05/22  18,138.97  3,674.00  14,464.97  13,149.97
Sun 08/05/22   8,304.61  1,611.00   6,693.61   6,085.10
Mon 09/05/22   4,599.66  1,004.02   3,595.64   3,268.76
Tue 10/05/22   3,339.82    760.51   2,579.31   2,344.83
Wed 11/05/22   3,729.75    711.59   3,018.16   2,743.78
Thu 12/05/22   2,349.85    391.51   1,958.34   1,780.31
Fri 13/05/22   2,599.84    263.82   2,336.02   2,123.65
Sat 14/05/22   5,317.98  1,008.31   4,309.67   3,917.88
Sun 15/05/22   4,569.71    622.01   3,947.70   3,588.82
Mon 16/05/22   5,004.71  1,002.51   4,002.20   3,638.36
Tue 17/05/22   2,298.88    357.00   1,941.88   1,765.35
Wed 18/05/22   3,755.72    491.00   3,264.72   2,967.93
Thu 19/05/22   3,639.76    561.99   3,077.77   2,797.97
Fri 20/05/22   3,909.76    827.09   3,082.67   2,802.43
Sat 21/05/22   7,668.58  1,703.88   5,964.70   5,422.45
Sun 22/05/22   6,374.67  1,253.05   5,121.62   4,656.02
Mon 23/05/22   3,239.77    709.00   2,530.77   2,300.70
Tue 24/05/22   2,569.81    433.00   2,136.81   1,942.55
Wed 25/05/22   3,969.76    788.00   3,181.76   2,892.51
Thu 26/05/22   4,609.75    922.00   3,687.75   3,352.50
Fri 27/05/22   2,619.84    512.00   2,107.84   1,916.22
Sat 28/05/22   9,938.63  1,954.00   7,984.63   7,258.75
Sun 29/05/22   9,955.87  1,966.00   7,989.87   7,263.52
Mon 30/05/22     299.97     59.00     240.97     219.06
Tue 31/05/22   4,883.75    360.00   4,523.75   4,112.50
Wed 01/06/22   5,286.79    387.90   4,898.89   4,453.54
Thu 02/06/22   2,750.85    179.01   2,571.84   2,338.04
Fri 03/06/22   4,432.80    258.90   4,173.90   3,794.45
Sat 04/06/22   9,596.59    813.00   8,783.59   7,985.08
Sun 05/06/22   3,908.83    212.00   3,696.83   3,360.75
Mon 06/06/22   4,472.77    319.00   4,153.77   3,776.15
Tue 07/06/22   3,613.84    301.00   3,312.84   3,011.67
Wed 08/06/22   3,168.80    249.50   2,919.30   2,653.91
Thu 09/06/22   2,977.87    280.00   2,697.87   2,452.61
Fri 10/06/22   5,292.53  1,002.40   4,290.13   3,900.12
Sat 11/06/22  12,434.34  2,562.80   9,871.54   8,974.13
Sun 12/06/22   5,414.78  1,083.00   4,331.78   3,937.98
Mon 13/06/22   4,662.79    932.60   3,730.19   3,391.08
Tue 14/06/22   2,743.85    548.80   2,195.05   1,995.50
Wed 15/06/22   3,613.77    722.80   2,890.97   2,628.15
Thu 16/06/22   4,436.72    769.40   3,667.32   3,333.93
Fri 17/06/22   5,248.73    711.70   4,537.03   4,124.57
Sat 18/06/22   7,793.61  1,441.30   6,352.31   5,774.83
Sun 19/06/22   6,320.68    720.20   5,600.48   5,091.35
Mon 20/06/22   3,781.78    458.40   3,323.38   3,021.25
Tue 21/06/22   3,929.82    913.60   3,016.22   2,742.02
Wed 22/06/22   2,989.88    628.90   2,360.98   2,146.35
Thu 23/06/22   6,652.70  1,200.60   5,452.10   4,956.45
Fri 24/06/22   3,092.78    683.65   2,409.13   2,190.12
Sat 25/06/22   5,853.71  1,385.00   4,468.71   4,062.46
Sun 26/06/22   6,072.74  1,302.40   4,770.34   4,336.67
Mon 27/06/22   1,723.91    102.30   1,621.61   1,474.19
Tue 28/06/22   2,088.89    266.50   1,822.39   1,656.72
Wed 29/06/22   3,991.79    587.30   3,404.49   3,094.99
Thu 30/06/22   3,011.76    331.20   2,680.56   2,436.87
Fri 01/07/22   1,272.95    145.50   1,127.45   1,024.95
Sat 02/07/22   2,817.84    783.70   2,034.14   1,849.22
Sun 03/07/22   2,573.89    354.20   2,219.69   2,017.90
Mon 04/07/22   1,958.91    337.00   1,621.91   1,474.46
Tue 05/07/22   1,628.91    339.00   1,289.91   1,172.65
Wed 06/07/22   3,864.81    634.00   3,230.81   2,937.10
Thu 07/07/22   4,252.84    711.00   3,541.84   3,219.85
Fri 08/07/22   3,403.83    690.60   2,713.23   2,466.57
Sat 09/07/22   4,314.68    824.50   3,490.18   3,172.89
Sun 10/07/22   4,426.76    837.00   3,589.76   3,263.42
Mon 11/07/22   2,717.84    413.00   2,304.84   2,095.31
Tue 12/07/22   3,900.77    829.00   3,071.77   2,792.52
Wed 13/07/22   1,599.90    402.00   1,197.90   1,089.00
Thu 14/07/22   2,704.85    780.00   1,924.85   1,749.86
Fri 15/07/22   2,030.86    330.00   1,700.86   1,546.24
Sat 16/07/22   6,294.63  1,242.50   5,052.13   4,592.85
Sun 17/07/22   2,099.84    336.00   1,763.84   1,603.49
Mon 18/07/22   1,446.95    430.50   1,016.45     924.05
Tue 19/07/22   2,749.88    450.00   2,299.88   2,090.80
Wed 20/07/22   3,199.78    487.00   2,712.78   2,466.16
Thu 21/07/22   1,789.88    486.98   1,302.90   1,184.45
Fri 22/07/22     869.94    134.00     735.94     669.04
Sat 23/07/22   6,014.64  1,211.99   4,802.65   4,366.05
Sun 24/07/22   3,739.76    925.96   2,813.80   2,558.00
Mon 25/07/22   2,727.84    523.99   2,203.85   2,003.50
Tue 26/07/22   2,079.91    504.99   1,574.92   1,431.75
Wed 27/07/22   2,829.81    566.00   2,263.81   2,058.01
Thu 28/07/22   3,018.80    470.00   2,548.80   2,317.09
Fri 29/07/22   6,481.68  2,268.09   4,213.59   3,830.54
Sat 30/07/22   3,008.84    653.94   2,354.90   2,140.82
Sun 31/07/22   5,868.69  1,412.80   4,455.89   4,050.81
Mon 01/08/22   2,328.87    870.96   1,457.91   1,325.37
Tue 02/08/22   2,284.91    109.00   2,175.91   1,978.10
Wed 03/08/22   3,547.89    270.99   3,276.90   2,979.00
Thu 04/08/22   2,379.90    147.00   2,232.90   2,029.91
Fri 05/08/22   2,440.90    116.00   2,324.90   2,113.55
Sat 06/08/22   3,465.81    183.00   3,282.81   2,984.37
Sun 07/08/22   2,134.86    111.00   2,023.86   1,839.87
Mon 08/08/22   4,147.87    303.00   3,844.87   3,495.34
Tue 09/08/22   1,018.95     93.00     925.95     841.77
Wed 10/08/22   1,804.92    102.00   1,702.92   1,548.11
Thu 11/08/22   2,307.85    194.00   2,113.85   1,921.68
Fri 12/08/22   5,900.76    705.26   5,195.50   4,723.18
Sat 13/08/22   3,562.79    279.00   3,283.79   2,985.26
Sun 14/08/22   3,721.79    488.01   3,233.78   2,939.80
Mon 15/08/22   2,643.86    196.00   2,447.86   2,225.33
Tue 16/08/22   1,764.89     73.00   1,691.89   1,538.08
Wed 17/08/22   1,663.92     41.00   1,622.92   1,475.38
Thu 18/08/22   3,706.73    695.00   3,011.73   2,737.94
Fri 19/08/22   2,958.80    493.50   2,465.30   2,241.18
Sat 20/08/22   3,907.80    650.00   3,257.80   2,961.64
Sun 21/08/22   2,613.86    408.00   2,205.86   2,005.33
Mon 22/08/22   3,507.77    354.00   3,153.77   2,867.06
Tue 23/08/22   2,847.82    324.00   2,523.82   2,294.38
Wed 24/08/22   3,246.78    330.00   2,916.78   2,651.62
Thu 25/08/22   1,795.89    268.00   1,527.89   1,388.99
Fri 26/08/22   2,848.81    448.00   2,400.81   2,182.55
Sat 27/08/22   6,072.63    971.00   5,101.63   4,637.85
Sun 28/08/22   1,956.86    322.50   1,634.36   1,485.78
Mon 29/08/22   3,813.74    553.50   3,260.24   2,963.85
Tue 30/08/22   4,626.67    765.00   3,861.67   3,510.61
Wed 31/08/22   2,618.83    439.50   2,179.33   1,981.21
Thu 01/09/22   2,475.81    292.50   2,183.31   1,984.83
Fri 02/09/22   2,948.76    439.51   2,509.25   2,281.14
Sat 03/09/22   6,184.58  1,111.99   5,072.59   4,611.45
Sun 04/09/22   3,698.73    550.00   3,148.73   2,862.48
Mon 05/09/22   1,756.88    148.00   1,608.88   1,462.62
Tue 06/09/22   5,358.72    460.44   4,898.28   4,452.98
Wed 07/09/22   3,859.89    132.80   3,727.09   3,388.26
Thu 08/09/22     850.96     39.00     811.96     738.15
Fri 09/09/22   3,609.83    266.98   3,342.85   3,038.95
Sat 10/09/22   5,920.75    351.50   5,569.25   5,062.95
Sun 11/09/22   4,518.78    394.93   4,123.85   3,748.95
Mon 12/09/22   1,762.94     76.00   1,686.94   1,533.58
Tue 13/09/22   3,340.80    244.00   3,096.80   2,815.27
Wed 14/09/22   4,563.77    932.60   3,631.17   3,301.06
Thu 15/09/22   4,345.81    895.20   3,450.61   3,136.92
Fri 16/09/22   6,498.78    904.15   5,594.63   5,086.03
Sat 17/09/22   3,370.81    254.68   3,116.13   2,832.85
Sun 18/09/22   2,972.84    229.00   2,743.84   2,494.40
Mon 19/09/22   2,760.82    232.96   2,527.86   2,298.05
Tue 20/09/22   1,604.91    214.00   1,390.91   1,264.46
Wed 21/09/22   3,333.81    294.00   3,039.81   2,763.46
Thu 22/09/22   1,833.87    145.50   1,688.37   1,534.88
Fri 23/09/22   1,808.33    135.20   1,673.13   1,521.03
Sat 24/09/22   3,540.76    296.55   3,244.21   2,949.28
Sun 25/09/22   2,587.77    312.94   2,274.83   2,068.03
Mon 26/09/22   5,031.65    529.67   4,501.98   4,092.71
Tue 27/09/22   2,780.79    321.14   2,459.65   2,236.05
Wed 28/09/22     679.96     52.00     627.96     570.87
Thu 29/09/22   2,865.82    304.96   2,560.86   2,328.05
Fri 30/09/22   1,569.90    131.50   1,438.40   1,307.64
Sat 01/10/22   4,199.73    303.98   3,895.75   3,541.59
Sun 02/10/22   1,023.93     51.00     972.93     884.48
Mon 03/10/22   1,952.88    147.00   1,805.88   1,641.71
Tue 04/10/22   3,252.78    381.93   2,870.85   2,609.86
Wed 05/10/22   1,126.94     95.00   1,031.94     938.13
Thu 06/10/22     508.95     46.00     462.95     420.86
Fri 07/10/22   2,935.77    235.49   2,700.28   2,454.80
Sat 08/10/22   5,466.59    550.49   4,916.10   4,469.18
Sun 09/10/22   4,486.68    355.00   4,131.68   3,756.07
Mon 10/10/22   1,229.89    123.00   1,106.89   1,006.26
Tue 11/10/22   3,439.78    311.00   3,128.78   2,844.35
Wed 12/10/22   2,069.85    215.97   1,853.88   1,685.35
Thu 13/10/22   5,064.61    489.48   4,575.13   4,159.21
Fri 14/10/22   4,789.65    509.92   4,279.73   3,890.66
Sat 15/10/22   3,259.78    310.00   2,949.78   2,681.62
Sun 16/10/22   5,469.61    786.89   4,682.72   4,257.02
Mon 17/10/22     709.96     46.00     663.96     603.60
Tue 18/10/22   2,374.84    261.47   2,113.37   1,921.25
Wed 19/10/22   4,329.74    480.99   3,848.75   3,498.86
Thu 20/10/22   2,239.84    354.94   1,884.90   1,713.55
Fri 21/10/22   4,184.67    501.47   3,683.20   3,348.36
Sat 22/10/22   5,249.59    749.85   4,499.74   4,090.67
Sun 23/10/22   4,638.69    625.93   4,012.76   3,647.96
Mon 24/10/22   2,479.81    223.95   2,255.86   2,050.78
Tue 25/10/22   1,259.91    170.97   1,088.94     989.95
Wed 26/10/22   3,359.79    459.93   2,899.86   2,636.24
Thu 27/10/22   2,504.83    462.42   2,042.41   1,856.74
Fri 28/10/22   2,759.77    482.86   2,276.91   2,069.92
Sat 29/10/22   3,584.68  1,067.39   2,517.29   2,288.45
Sun 30/10/22   3,828.69    557.89   3,270.80   2,973.45
Mon 31/10/22   1,519.91    187.98   1,331.93   1,210.85
Tue 01/11/22   2,944.76    567.16   2,377.60   2,161.45
Wed 02/11/22   3,669.68    787.18   2,882.50   2,620.45
Thu 03/11/22   3,759.73    822.00   2,937.73   2,670.66
Fri 04/11/22   1,639.86    155.99   1,483.87   1,348.97
Sat 05/11/22   7,104.49  1,599.98   5,504.51   5,004.10
Sun 06/11/22   5,639.59  1,300.97   4,338.62   3,944.20
Mon 07/11/22   3,799.70    775.97   3,023.73   2,748.85
Tue 08/11/22   5,393.32    975.75   4,417.57   4,015.97
Wed 09/11/22   3,694.73    739.00   2,955.73   2,687.03
Thu 10/11/22   4,399.74    888.99   3,510.75   3,191.59
Fri 11/11/22   2,369.79    359.95   2,009.84   1,827.13
Sat 12/11/22   4,014.67    553.44   3,461.23   3,146.57
Sun 13/11/22   3,409.75    677.97   2,731.78   2,483.44
Mon 14/11/22   2,459.79    100.01   2,359.78   2,145.25
Tue 15/11/22   1,348.90    146.99   1,201.91   1,092.65
Wed 16/11/22   3,309.69    434.93   2,874.76   2,613.42
Thu 17/11/22   2,769.78    421.90   2,347.88   2,134.44
Fri 18/11/22   4,474.67    478.43   3,996.24   3,632.95
Sat 19/11/22   6,654.52    866.42   5,788.10   5,261.91
Sun 20/11/22   3,983.81    569.93   3,413.88   3,103.53
Mon 21/11/22   3,159.74    344.95   2,814.79   2,558.90
Tue 22/11/22   2,169.83    279.58   1,890.25   1,718.41
Wed 23/11/22   3,819.71    984.02   2,835.69   2,577.90
Thu 24/11/22   7,404.46  2,225.00   5,179.46   4,708.60
Fri 25/11/22   9,589.25  2,576.00   7,013.25   6,375.68
Sat 26/11/22  10,109.18  2,734.00   7,375.18   6,704.71
Sun 27/11/22  10,145.17  2,771.60   7,373.57   6,703.25
Mon 28/11/22   4,619.63  1,287.00   3,332.63   3,029.66
Tue 29/11/22   4,379.64  1,184.50   3,195.14   2,904.67
Wed 30/11/22   3,079.75    478.00   2,601.75   2,365.23
Thu 01/12/22     989.92    180.02     809.90     736.27
Fri 02/12/22   1,914.83    420.50   1,494.33   1,358.48
Sat 03/12/22   3,509.74    728.00   2,781.74   2,528.85
Sun 04/12/22   2,789.73    763.99   2,025.74   1,841.58
Mon 05/12/22   3,918.66    801.00   3,117.66   2,834.24
Tue 06/12/22   1,069.93    190.00     879.93     799.94
Wed 07/12/22   4,018.61  1,183.00   2,835.61   2,577.83
Thu 08/12/22   4,869.65  1,183.00   3,686.65   3,351.50
Fri 09/12/22   3,949.72  1,044.00   2,905.72   2,641.56
Sat 10/12/22   5,253.60  1,322.00   3,931.60   3,574.18
Sun 11/12/22   4,410.60  1,008.50   3,402.10   3,092.82
Mon 12/12/22   2,469.81    408.00   2,061.81   1,874.37
Tue 13/12/22   2,029.78    429.50   1,600.28   1,454.80
Wed 14/12/22   3,669.70    782.50   2,887.20   2,624.73
Thu 15/12/22   3,780.69    832.01   2,948.68   2,680.62
Fri 16/12/22   2,408.81    538.00   1,870.81   1,700.74
Sat 17/12/22   4,099.64    965.00   3,134.64   2,849.67
Sun 18/12/22   3,853.70    704.25   3,149.45   2,863.14
Mon 19/12/22   4,139.70  1,000.50   3,139.20   2,853.82
Tue 20/12/22   5,469.53    954.00   4,515.53   4,105.03
Wed 21/12/22   6,185.68  1,077.96   5,107.72   4,643.38
Thu 22/12/22   9,320.50    558.00   8,762.50   7,965.91
Fri 23/12/22   8,800.47    503.25   8,297.22   7,542.93
Sat 24/12/22   8,626.52    659.00   7,967.52   7,243.20
Mon 26/12/22   4,073.86    133.00   3,940.86   3,582.60
Tue 27/12/22   3,417.84    121.00   3,296.84   2,997.13
Wed 28/12/22   4,292.26    157.50   4,134.76   3,758.87
Thu 29/12/22   4,916.80    219.50   4,697.30   4,270.27
Fri 30/12/22   3,619.85    162.00   3,457.85   3,143.50
Sat 31/12/22   3,724.83    125.00   3,599.83   3,272.57
Mon 02/01/23   3,685.80    267.00   3,418.80   3,108.00
Tue 03/01/23   2,682.88    120.00   2,562.88   2,329.89
Wed 04/01/23   1,364.38     37.50   1,326.88   1,206.25
Thu 05/01/23   3,053.85    473.40   2,580.45   2,345.86
Fri 06/01/23   3,425.82    671.20   2,754.62   2,504.20
Sat 07/01/23   4,243.82    729.61   3,514.21   3,194.74
Sun 08/01/23   2,301.86    401.80   1,900.06   1,727.33
Mon 09/01/23   1,721.93    278.20   1,443.73   1,312.48
Tue 10/01/23   1,282.94    278.60   1,004.34     913.04
Wed 11/01/23   5,192.69    886.60   4,306.09   3,914.63
Thu 12/01/23   2,820.82    525.20   2,295.62   2,086.93
Fri 13/01/23   2,035.86    380.60   1,655.26   1,504.78
Sat 14/01/23   2,984.97    591.52   2,393.45   2,175.86
Sun 15/01/23   1,884.87    377.00   1,507.87   1,370.79
Mon 16/01/23     759.94    161.80     598.14     543.76
Tue 17/01/23   1,861.92    322.40   1,539.52   1,399.56
Wed 18/01/23   2,974.81    575.40   2,399.41   2,181.28
Thu 19/01/23   3,513.75    706.20   2,807.55   2,552.32
Fri 20/01/23   1,739.93    382.20   1,357.73   1,234.30
Sat 21/01/23   2,225.85    538.70   1,687.15   1,533.77
Sun 22/01/23   2,414.86    548.50   1,866.36   1,696.69
Mon 23/01/23   2,186.91    230.50   1,956.41   1,778.55
Tue 24/01/23   3,173.80    862.50   2,311.30   2,101.18
Wed 25/01/23   1,343.89    315.70   1,028.19     934.72
Thu 26/01/23   1,493.92    353.10   1,140.82   1,037.11
Fri 27/01/23   1,660.88    435.40   1,225.48   1,114.07
Sat 28/01/23   2,572.85    642.20   1,930.65   1,755.14
Sun 29/01/23   2,103.89    495.90   1,607.99   1,461.81
Mon 30/01/23   1,996.84    512.10   1,484.74   1,349.76
Tue 31/01/23   1,806.87    299.60   1,507.27   1,370.25
Wed 01/02/23   1,000.41    152.00     848.41     771.28
Thu 02/02/23   3,687.75    691.00   2,996.75   2,724.32
Fri 03/02/23   3,068.78    411.00   2,657.78   2,416.16
Sat 04/02/23   4,117.67    696.00   3,421.67   3,110.61
Sun 05/02/23   1,585.91    208.00   1,377.91   1,252.65
Mon 06/02/23   3,080.77    683.20   2,397.57   2,179.61
Tue 07/02/23     599.95    101.50     498.45     453.14
Wed 08/02/23   1,639.89    336.00   1,303.89   1,185.35
Thu 09/02/23   2,628.84    315.00   2,313.84   2,103.49
Fri 10/02/23   2,374.81    286.00   2,088.81   1,898.92
Sat 11/02/23   3,247.76    555.00   2,692.76   2,447.96
Sun 12/02/23   1,758.85    327.00   1,431.85   1,301.68
Mon 13/02/23   1,639.89    217.00   1,422.89   1,293.54
Tue 14/02/23   1,939.86    354.00   1,585.86   1,441.69
Wed 15/02/23   1,809.87    209.00   1,600.87   1,455.34
Thu 16/02/23   4,749.66    629.00   4,120.66   3,746.05
Fri 17/02/23   2,049.84    240.00   1,809.84   1,645.31
Sat 18/02/23   2,094.83    229.50   1,865.33   1,695.75
Sun 19/02/23   3,609.77    409.00   3,200.77   2,909.79
Mon 20/02/23     631.94    125.00     506.94     460.85
Tue 21/02/23   2,899.82    401.00   2,498.82   2,271.65
Wed 22/02/23   1,449.89    182.00   1,267.89   1,152.63
Thu 23/02/23   2,089.85    351.00   1,738.85   1,580.77
Fri 24/02/23   1,580.85    126.00   1,454.85   1,322.59
Sat 25/02/23   1,274.90    179.00   1,095.90     996.27
Sun 26/02/23   2,819.78    467.00   2,352.78   2,138.89
Mon 27/02/23   2,159.83    393.00   1,766.83   1,606.21
Tue 28/02/23   2,629.86    231.98   2,397.88   2,179.89
Wed 01/03/23     349.92    147.98     201.94     183.58
Thu 02/03/23   2,469.81    243.99   2,225.82   2,023.47
Fri 03/03/23   3,224.77    363.50   2,861.27   2,601.15
Sat 04/03/23   4,224.72    369.50   3,855.22   3,504.75
Sun 05/03/23   1,649.91    179.00   1,470.91   1,337.19
Mon 06/03/23     809.93     62.00     747.93     679.94
Tue 07/03/23   1,489.90    161.00   1,328.90   1,208.09
Wed 08/03/23   1,479.91    148.00   1,331.91   1,210.83
Thu 09/03/23   1,779.87     94.98   1,684.89   1,531.72
Fri 10/03/23   4,159.67    426.99   3,732.68   3,393.35
Sat 11/03/23   2,838.84    543.00   2,295.84   2,087.13
Sun 12/03/23   2,839.83    589.97   2,249.86   2,045.33
Mon 13/03/23   2,024.82    268.97   1,755.85   1,596.23
Tue 14/03/23   2,156.87    398.00   1,758.87   1,598.97
Wed 15/03/23   3,193.88    499.00   2,694.88   2,449.89
Thu 16/03/23     737.96    209.00     528.96     480.87
Fri 17/03/23   2,456.90    300.00   2,156.90   1,960.82
Sat 18/03/23   1,198.96    103.00   1,095.96     996.33
Sun 19/03/23   1,571.92    222.00   1,349.92   1,227.20
Mon 20/03/23   1,339.90     96.50   1,243.40   1,130.36
Tue 21/03/23   2,730.88    167.00   2,563.88   2,330.80
Wed 22/03/23   3,495.84    241.00   3,254.84   2,958.95
Thu 23/03/23   3,245.60    235.20   3,010.40   2,736.73
Fri 24/03/23   1,048.55    135.00     913.55     830.50
Sat 25/03/23   4,022.81    599.40   3,423.41   3,112.19
Sun 26/03/23   2,612.82    320.30   2,292.52   2,084.11
Mon 27/03/23   3,168.59    647.40   2,521.19   2,291.99
Tue 28/03/23   4,320.73    905.88   3,414.85   3,104.41
Wed 29/03/23   2,907.81    682.94   2,224.87   2,022.61
Thu 30/03/23   3,732.77    850.54   2,882.23   2,620.21
Fri 31/03/23   4,207.69    884.57   3,323.12   3,021.02
Sat 01/04/23   6,480.56  1,373.56   5,107.00   4,642.73
Sun 02/04/23   4,253.76    896.78   3,356.98   3,051.80
Mon 03/04/23   3,232.86    724.56   2,508.30   2,280.27
Tue 04/04/23   2,418.86    321.68   2,097.18   1,906.53
Wed 05/04/23   2,744.30    403.67   2,340.63   2,127.85
Thu 06/04/23   1,588.89    409.58   1,179.31   1,072.10
Sat 08/04/23   4,471.70    641.95   3,829.75   3,481.59
Mon 10/04/23   3,409.75    570.00   2,839.75   2,581.59
Tue 11/04/23   2,227.82    217.40   2,010.42   1,827.65
Wed 12/04/23   1,951.88    255.39   1,696.49   1,542.26
Thu 13/04/23   3,529.76    549.98   2,979.78   2,708.89
Fri 14/04/23   3,914.76    540.67   3,374.09   3,067.35
Sat 15/04/23   5,704.62  1,332.21   4,372.41   3,974.92
Sun 16/04/23   2,183.74    251.57   1,932.17   1,756.52
Mon 17/04/23   3,168.81    457.68   2,711.13   2,464.66
Tue 18/04/23   4,513.70    948.20   3,565.50   3,241.36
Wed 19/04/23   5,652.61    961.00   4,691.61   4,265.10
Thu 20/04/23   4,378.69    595.00   3,783.69   3,439.72
Fri 21/04/23   4,920.75    750.00   4,170.75   3,791.59
Sat 22/04/23   6,489.66  1,161.01   5,328.65   4,844.23
Sun 23/04/23   4,939.76    436.00   4,503.76   4,094.33
Mon 24/04/23   3,799.77    430.00   3,369.77   3,063.43
Tue 25/04/23     -30.00    -23.00      -7.00      -6.36
Wed 26/04/23   2,909.85    523.98   2,385.87   2,168.97
Thu 27/04/23   1,933.84    338.99   1,594.85   1,449.86
Fri 28/04/23   2,820.77    647.95   2,172.82   1,975.29
Sat 29/04/23   5,249.70  1,125.96   4,123.74   3,748.85
Sun 30/04/23   7,828.59  1,635.95   6,192.64   5,629.67
Mon 01/05/23   4,209.73    847.98   3,361.75   3,056.14
Tue 02/05/23   7,933.54  1,652.96   6,280.58   5,709.62
Wed 03/05/23   7,061.56  1,205.98   5,855.58   5,323.25
Thu 04/05/23   5,829.66  1,098.99   4,730.67   4,300.61
Fri 05/05/23   8,424.50  1,699.99   6,724.51   6,113.19
Sat 06/05/23   8,282.49  1,676.96   6,605.53   6,005.03
Sun 07/05/23   4,787.63    943.19   3,844.44   3,494.95
Mon 08/05/23   6,349.64  1,330.97   5,018.67   4,562.43
Tue 09/05/23   6,219.65  1,364.00   4,855.65   4,414.23
Wed 10/05/23   5,119.76  1,069.98   4,049.78   3,681.62
Thu 11/05/23   6,911.53  1,394.99   5,516.54   5,015.04
Fri 12/05/23   7,984.50  1,827.96   6,156.54   5,596.85
Sat 13/05/23   8,469.56  1,768.95   6,700.61   6,091.46
Sun 14/05/23   3,774.81    830.00   2,944.81   2,677.10
Mon 15/05/23   3,802.79    771.29   3,031.50   2,755.91
Tue 16/05/23   3,149.78    833.97   2,315.81   2,105.28
Wed 17/05/23   7,279.56  1,872.96   5,406.60   4,915.09
Thu 18/05/23   5,749.68  1,507.97   4,241.71   3,856.10
Fri 19/05/23   5,089.72  1,014.00   4,075.72   3,705.20
Sat 20/05/23   7,618.48  1,437.49   6,180.99   5,619.08
Sun 21/05/23   5,393.71  1,056.30   4,337.41   3,943.10
Mon 22/05/23   5,059.71    775.00   4,284.71   3,895.19
Tue 23/05/23   4,529.76    799.00   3,730.76   3,391.60
Wed 24/05/23   5,409.68    679.99   4,729.69   4,299.72
Thu 25/05/23   5,542.53  1,085.30   4,457.23   4,052.03
Fri 26/05/23   3,769.77    697.50   3,072.27   2,792.97
Sat 27/05/23   5,221.72  1,006.00   4,215.72   3,832.47
Sun 28/05/23  10,509.39  2,194.00   8,315.39   7,559.45
Mon 29/05/23   3,935.80    232.01   3,703.79   3,367.08
Tue 30/05/23   4,408.82    640.00   3,768.82   3,426.20
Wed 31/05/23   3,677.86    510.00   3,167.86   2,879.87
Thu 01/06/23   3,309.84    625.00   2,684.84   2,440.76
Fri 02/06/23   3,438.89    287.00   3,151.89   2,865.35
Sat 03/06/23   7,262.63  1,302.50   5,960.13   5,418.30
Sun 04/06/23   6,528.71  1,178.30   5,350.41   4,864.01
Mon 05/06/23   3,919.82    552.00   3,367.82   3,061.65
Tue 06/06/23   2,451.89    360.00   2,091.89   1,901.72
Wed 07/06/23   4,184.76    677.50   3,507.26   3,188.42
Thu 08/06/23   3,983.81    672.00   3,311.81   3,010.74
Fri 09/06/23   3,866.85    553.00   3,313.85   3,012.59
Sat 10/06/23   4,956.85    763.50   4,193.35   3,812.14
Sun 11/06/23   3,574.77    472.00   3,102.77   2,820.70
Mon 12/06/23   5,369.79  1,074.00   4,295.79   3,905.26
Tue 13/06/23   2,845.82    543.20   2,302.62   2,093.29
Wed 14/06/23   2,524.91    537.20   1,987.71   1,807.01
Thu 15/06/23   2,526.87    497.90   2,028.97   1,844.52
Fri 16/06/23   4,042.78    803.40   3,239.38   2,944.89
Sat 17/06/23   5,936.79  1,187.40   4,749.39   4,317.63
Sun 18/06/23   6,607.65  1,306.30   5,301.35   4,819.41
Mon 19/06/23   3,503.88    700.80   2,803.08   2,548.25
Tue 20/06/23   3,438.83    717.60   2,721.23   2,473.85
Wed 21/06/23   4,300.81    863.30   3,437.51   3,125.01
Thu 22/06/23   5,311.77  1,256.60   4,055.17   3,686.52
Fri 23/06/23   3,965.82    944.60   3,021.22   2,746.56
Sat 24/06/23   6,735.68  1,768.90   4,966.78   4,515.25
Sun 25/06/23   7,229.62  1,623.50   5,606.12   5,096.47
Mon 26/06/23   2,376.92    631.10   1,745.82   1,587.11
Tue 27/06/23   3,416.83    761.40   2,655.43   2,414.03
Wed 28/06/23   2,928.85    408.60   2,520.25   2,291.14
Thu 29/06/23   6,229.71  1,548.40   4,681.31   4,255.74
Fri 30/06/23   2,656.89    801.80   1,855.09   1,686.45
Sat 01/07/23   7,458.56  1,633.70   5,824.86   5,295.33
Sun 02/07/23   5,769.73  1,139.20   4,630.53   4,209.57
Mon 03/07/23   1,517.92    275.40   1,242.52   1,129.56
Tue 04/07/23   2,939.86    904.20   2,035.66   1,850.60
Wed 05/07/23   3,433.81  1,018.50   2,415.31   2,195.74
Thu 06/07/23   2,607.87    742.70   1,865.17   1,695.61
Fri 07/07/23   5,540.67  1,454.30   4,086.37   3,714.88
Sat 08/07/23   4,380.80  1,235.50   3,145.30   2,859.36
Sun 09/07/23   6,514.73  1,946.80   4,567.93   4,152.66
Mon 10/07/23   5,806.72  1,489.10   4,317.62   3,925.11
Tue 11/07/23   5,357.63  1,316.30   4,041.33   3,673.94
Wed 12/07/23   4,982.74  1,083.20   3,899.54   3,545.04
Thu 13/07/23   2,973.87    864.50   2,109.37   1,917.61
Fri 14/07/23   1,885.91    480.70   1,405.21   1,277.46
Sat 15/07/23   3,761.82    920.40   2,841.42   2,583.11
Sun 16/07/23   1,962.87    481.40   1,481.47   1,346.79
Mon 17/07/23   2,145.92    562.10   1,583.82   1,439.84
Tue 18/07/23   3,159.80    948.00   2,211.80   2,010.73
Wed 19/07/23   2,318.78    901.87   1,416.91   1,288.10
Thu 20/07/23   2,376.88    813.90   1,562.98   1,420.89
Fri 21/07/23   2,669.74    695.90   1,973.84   1,794.40
Sat 22/07/23   3,446.86    279.00   3,167.86   2,879.87
Sun 23/07/23   2,463.79    258.95   2,204.84   2,004.40
Mon 24/07/23     688.96     61.00     627.96     570.87
Tue 25/07/23   2,089.80    763.84   1,325.96   1,205.42
Wed 26/07/23   2,290.79    233.99   2,056.80   1,869.82
Thu 27/07/23   3,534.73    792.93   2,741.80   2,492.55
Fri 28/07/23   1,579.90    427.98   1,151.92   1,047.20
Sat 29/07/23   2,411.88    545.08   1,866.80   1,697.09
Sun 30/07/23   3,349.85    613.99   2,735.86   2,487.15
Mon 31/07/23   1,689.89    171.00   1,518.89   1,380.81
Tue 01/08/23     518.96     14.00     504.96     459.05
Wed 02/08/23   1,659.89    279.98   1,379.91   1,254.46
Thu 03/08/23   2,599.79    238.99   2,360.80   2,146.18
Fri 04/08/23   1,179.90    118.96   1,060.94     964.49
Sat 05/08/23   2,779.84    450.96   2,328.88   2,117.16
Sun 06/08/23   3,369.82    457.96   2,911.86   2,647.15
Mon 07/08/23   1,959.87    299.97   1,659.90   1,509.00
Tue 08/08/23   2,019.87    239.98   1,779.89   1,618.08
Wed 09/08/23   3,118.79    627.93   2,490.86   2,264.42
Thu 10/08/23   1,154.92    347.99     806.93     733.57
Fri 11/08/23   4,159.73    639.91   3,519.82   3,199.84
Sat 12/08/23   3,981.74    435.97   3,545.77   3,223.43
Sun 13/08/23   2,192.78    312.91   1,879.87   1,708.97
Mon 14/08/23   2,669.85    601.96   2,067.89   1,879.90
Tue 15/08/23   2,192.81    333.27   1,859.54   1,690.49
Wed 16/08/23   3,329.76    747.20   2,582.56   2,347.78
Thu 17/08/23   2,424.78    547.00   1,877.78   1,707.07
Fri 18/08/23   1,864.83    466.55   1,398.28   1,271.16
Sat 19/08/23   4,639.60  1,169.39   3,470.21   3,154.74
Sun 20/08/23   2,697.76    623.25   2,074.51   1,885.92
Mon 21/08/23   4,564.28    935.00   3,629.28   3,299.35
Tue 22/08/23   3,429.73    682.76   2,746.97   2,497.25
Wed 23/08/23   4,070.67    753.86   3,316.81   3,015.28
Thu 24/08/23   2,965.88    532.95   2,432.93   2,211.75
Fri 25/08/23   1,743.93    117.98   1,625.95   1,478.14
Sat 26/08/23   4,962.68    517.90   4,444.78   4,040.71
Sun 27/08/23   3,976.76    406.97   3,569.79   3,245.26
Mon 28/08/23   2,539.86    415.93   2,123.93   1,930.85
Tue 29/08/23   4,078.74    457.93   3,620.81   3,291.65
Wed 30/08/23   2,772.82    918.95   1,853.87   1,685.34
Thu 31/08/23   3,297.83    425.49   2,872.34   2,611.22
Fri 01/09/23   3,588.82    289.97   3,298.85   2,998.95
Sat 02/09/23   8,379.48    866.86   7,512.62   6,829.65
Sun 03/09/23   7,215.63    633.45   6,582.18   5,983.80
Mon 04/09/23   2,649.79    270.47   2,379.32   2,163.02
Tue 05/09/23   2,319.88    502.82   1,817.06   1,651.87
Wed 06/09/23   3,610.79    748.00   2,862.79   2,602.54
Thu 07/09/23   1,858.87    284.80   1,574.07   1,430.97
Fri 08/09/23   1,174.94    151.61   1,023.33     930.30
Sat 09/09/23   4,322.83    552.58   3,770.25   3,427.50
Sun 10/09/23   2,434.85    330.96   2,103.89   1,912.63
Mon 11/09/23   2,917.84    338.10   2,579.74   2,345.22
Tue 12/09/23   1,972.82    372.04   1,600.78   1,455.25
Wed 13/09/23   2,192.86    237.60   1,955.26   1,777.51
Thu 14/09/23   2,946.77    379.36   2,567.41   2,334.01
Fri 15/09/23   2,336.87    217.39   2,119.48   1,926.80
Sat 16/09/23   2,299.86    237.83   2,062.03   1,874.57
Sun 17/09/23     857.94     74.00     783.94     712.67
Mon 18/09/23   2,956.78    385.94   2,570.84   2,337.13
Tue 19/09/23   2,907.77    796.31   2,111.46   1,919.51
Wed 20/09/23   2,145.85    499.99   1,645.86   1,496.24
Thu 21/09/23   3,056.81    929.99   2,126.82   1,933.47
Fri 22/09/23   1,579.89    302.00   1,277.89   1,161.72
Sat 23/09/23   4,525.66  1,114.99   3,410.67   3,100.61
Sun 24/09/23   3,728.74    942.98   2,785.76   2,532.51
Mon 25/09/23   3,319.78    791.99   2,527.79   2,297.99
Tue 26/09/23   5,069.63  1,353.70   3,715.93   3,378.12
Wed 27/09/23   3,624.18    908.45   2,715.73   2,468.85
Thu 28/09/23   2,114.77    414.00   1,700.77   1,546.15
Fri 29/09/23   3,294.78    687.00   2,607.78   2,370.71
Sat 30/09/23   7,236.49  1,858.99   5,377.50   4,888.64
Sun 01/10/23   4,690.41  1,218.76   3,471.65   3,156.05
Mon 02/10/23   3,548.74    919.00   2,629.74   2,390.67
Tue 03/10/23   1,707.85    151.98   1,555.87   1,414.43
Wed 04/10/23   2,736.79    241.98   2,494.81   2,268.01
Thu 05/10/23   1,238.89     92.00   1,146.89   1,042.63
Fri 06/10/23   2,274.74    286.94   1,987.80   1,807.09
Sat 07/10/23   2,775.79    300.95   2,474.84   2,249.85
Sun 08/10/23   2,143.84    219.97   1,923.87   1,748.97
Mon 09/10/23     961.92     32.00     929.92     845.38
Tue 10/10/23   1,649.88    129.99   1,519.89   1,381.72
Wed 11/10/23   3,898.67    486.15   3,412.52   3,102.29
Thu 12/10/23   2,727.74    323.96   2,403.78   2,185.25
Fri 13/10/23   2,738.80    409.97   2,328.83   2,117.12
Sat 14/10/23   3,844.70    480.20   3,364.50   3,058.64
Sun 15/10/23   1,419.86    214.96   1,204.90   1,095.36
Mon 16/10/23   1,129.89     76.97   1,052.92     957.20
Tue 17/10/23   1,276.92    224.97   1,051.95     956.32
Wed 18/10/23   1,281.87    194.43   1,087.44     988.58
Thu 19/10/23   4,709.72    664.95   4,044.77   3,677.06
Fri 20/10/23   3,665.76    374.00   3,291.76   2,992.51
Sat 21/10/23   3,895.67    434.93   3,460.74   3,146.13
Sun 22/10/23   3,739.70    404.97   3,334.73   3,031.57
Mon 23/10/23   4,097.72    386.99   3,710.73   3,373.39
Tue 24/10/23   3,699.76    740.00   2,959.76   2,690.69
Wed 25/10/23   4,092.65    814.30   3,278.35   2,980.32
Thu 26/10/23   1,516.90    329.00   1,187.90   1,079.91
Fri 27/10/23   1,658.87    324.00   1,334.87   1,213.52
Sat 28/10/23   5,321.53  1,027.00   4,294.53   3,904.12
Sun 29/10/23   3,099.79    598.00   2,501.79   2,274.35
Mon 30/10/23   2,358.80    405.97   1,952.83   1,775.30
Tue 31/10/23   2,459.87    187.97   2,271.90   2,065.36
Wed 01/11/23   2,194.80    321.45   1,873.35   1,703.05
Thu 02/11/23   3,670.70    448.43   3,222.27   2,929.34
Fri 03/11/23   2,853.79    607.42   2,246.37   2,042.15
Sat 04/11/23   2,509.81    324.96   2,184.85   1,986.23
Sun 05/11/23   1,664.87    221.49   1,443.38   1,312.16
Mon 06/11/23   1,589.87    243.96   1,345.91   1,223.55
Tue 07/11/23   4,262.66    577.90   3,684.76   3,349.78
Wed 08/11/23   3,169.78    408.96   2,760.82   2,509.84
Thu 09/11/23   1,849.89    285.95   1,563.94   1,421.76
Fri 10/11/23   1,504.89    259.48   1,245.41   1,132.19
Sat 11/11/23   4,399.63    872.36   3,527.27   3,206.61
Sun 12/11/23   5,184.52  1,010.76   4,173.76   3,794.33
Mon 13/11/23   2,309.81    397.94   1,911.87   1,738.06
Tue 14/11/23   2,509.78    495.93   2,013.85   1,830.77
Wed 15/11/23   1,629.86    270.96   1,358.90   1,235.36
Thu 16/11/23   6,829.47  1,533.00   5,296.47   4,814.97
Fri 17/11/23   6,004.53  1,498.01   4,506.52   4,096.84
Sat 18/11/23   6,403.47  1,588.00   4,815.47   4,377.70
Sun 19/11/23   4,463.61  1,142.00   3,321.61   3,019.65
Mon 20/11/23   4,304.62    985.00   3,319.62   3,017.84
Tue 21/11/23   3,044.71    747.50   2,297.21   2,088.37
Wed 22/11/23   1,289.86    338.00     951.86     865.33
Thu 23/11/23   3,549.69    879.00   2,670.69   2,427.90
Fri 24/11/23   6,431.54  1,448.00   4,983.54   4,530.49
Sat 25/11/23   7,510.49  1,542.00   5,968.49   5,425.90
Sun 26/11/23   7,047.47  1,614.00   5,433.47   4,939.52
Mon 27/11/23   4,595.66  1,101.00   3,494.66   3,176.96
Tue 28/11/23   2,593.80    316.98   2,276.82   2,069.84
Wed 29/11/23   1,576.88    226.00   1,350.88   1,228.07
Thu 30/11/23   2,202.77    335.47   1,867.30   1,697.55
Fri 01/12/23   4,794.69    833.51   3,961.18   3,601.07
Sat 02/12/23   5,950.57  1,155.50   4,795.07   4,359.15
Sun 03/12/23   4,458.67    786.94   3,671.73   3,337.94
Mon 04/12/23   3,446.70    557.50   2,889.20   2,626.55
Tue 05/12/23   1,973.84    428.48   1,545.36   1,404.87
Wed 06/12/23   2,413.80    366.47   2,047.33   1,861.21
Thu 07/12/23   2,612.83    350.50   2,262.33   2,056.66
Fri 08/12/23   3,681.76    814.50   2,867.26   2,606.60
Sat 09/12/23   6,275.49  1,649.00   4,626.49   4,205.90
Sun 10/12/23   2,450.83    384.50   2,066.33   1,878.48
Mon 11/12/23   2,819.76    574.00   2,245.76   2,041.60
Tue 12/12/23   1,926.86    286.00   1,640.86   1,491.69
Wed 13/12/23   4,967.64    882.46   4,085.18   3,713.80
Thu 14/12/23   3,233.73    603.00   2,630.73   2,391.57
Fri 15/12/23   4,793.65    916.46   3,877.19   3,524.72
Sat 16/12/23   8,733.30  1,619.44   7,113.86   6,467.15
Sun 17/12/23   4,919.61    833.96   4,085.65   3,714.23
Mon 18/12/23   5,629.56  1,021.96   4,607.60   4,188.73
Tue 19/12/23   4,266.62    745.44   3,521.18   3,201.07
Wed 20/12/23     929.90    181.73     748.17     680.15
Thu 21/12/23   5,115.24    317.50   4,797.74   4,361.58
Fri 22/12/23   9,055.47    426.50   8,628.97   7,844.52
Sat 23/12/23   9,329.37    741.51   8,587.86   7,807.15
Sun 24/12/23   4,609.23    195.50   4,413.73   4,012.48
Tue 26/12/23   3,779.82    595.00   3,184.82   2,895.29
Wed 27/12/23   5,558.21    614.50   4,943.71   4,494.28
Thu 28/12/23   3,242.78    546.00   2,696.78   2,451.62
Fri 29/12/23   4,234.77    601.00   3,633.77   3,303.43
Sat 30/12/23   2,450.79    424.00   2,026.79   1,842.54
Sun 31/12/23   2,727.82    453.00   2,274.82   2,068.02
Tue 02/01/24   1,784.90    340.95   1,443.95   1,312.68
Wed 03/01/24   2,874.87    371.68   2,503.19   2,275.63
Thu 04/01/24   1,271.42    222.16   1,049.26     953.87
Fri 05/01/24   2,197.86    314.56   1,883.30   1,712.09
Sat 06/01/24   2,707.81    426.17   2,281.64   2,074.22
Sun 07/01/24   1,618.91    202.60   1,416.31   1,287.55
Mon 08/01/24   1,667.88    252.16   1,415.72   1,287.02
Tue 09/01/24   2,329.80    417.71   1,912.09   1,738.26
Wed 10/01/24   1,478.93    243.77   1,235.16   1,122.87
Thu 11/01/24   1,546.90    284.38   1,262.52   1,147.75
Fri 12/01/24   2,615.81    482.16   2,133.65   1,939.68
Sat 13/01/24   4,696.63    790.35   3,906.28   3,551.16
Sun 14/01/24   2,179.83    370.98   1,808.85   1,644.41
Mon 15/01/24   1,492.89    304.08   1,188.81   1,080.74
Tue 16/01/24   2,715.82    488.98   2,226.84   2,024.40
Wed 17/01/24   3,557.74    658.96   2,898.78   2,635.25
Thu 18/01/24   1,728.87    337.00   1,391.87   1,265.34
Fri 19/01/24   3,216.77    620.50   2,596.27   2,360.25
Sat 20/01/24   3,606.78    540.50   3,066.28   2,787.53
Sun 21/01/24   1,814.89    278.00   1,536.89   1,397.17
Mon 22/01/24   2,600.82    372.50   2,228.32   2,025.75
Tue 23/01/24   2,336.85    434.00   1,902.85   1,729.86
Wed 24/01/24   1,067.91    313.75     754.16     685.60
Thu 25/01/24   1,627.88    377.50   1,250.38   1,136.71
Sat 27/01/24   2,588.79    642.50   1,946.29   1,769.35
Sun 28/01/24   3,450.74    882.50   2,568.24   2,334.76
Mon 29/01/24   1,699.81    475.00   1,224.81   1,113.46
Tue 30/01/24   1,339.91    350.00     989.91     899.92
Wed 31/01/24   1,678.87    410.00   1,268.87   1,153.52
Thu 01/02/24   3,687.69    924.90   2,762.79   2,511.63
Fri 02/02/24   3,712.72    949.90   2,762.82   2,511.65
Sat 03/02/24   3,009.76    752.50   2,257.26   2,052.05
Sun 04/02/24   5,567.62  1,380.00   4,187.62   3,806.93
Mon 05/02/24   1,928.86    477.50   1,451.36   1,319.42
Tue 06/02/24   2,587.32    212.00   2,375.32   2,159.38
Wed 07/02/24   1,759.88    140.00   1,619.88   1,472.62
Thu 08/02/24   2,140.86    232.40   1,908.46   1,734.96
Fri 09/02/24   1,188.92    174.00   1,014.92     922.65
Sat 10/02/24   4,737.69    688.01   4,049.68   3,681.53
Sun 11/02/24   2,349.82    517.00   1,832.82   1,666.20
Mon 12/02/24   3,364.77    378.50   2,986.27   2,714.79
Tue 13/02/24   1,478.90    302.50   1,176.40   1,069.45
Wed 14/02/24   3,009.74    660.00   2,349.74   2,136.13
Thu 15/02/24   1,275.92    236.90   1,039.02     944.56
Fri 16/02/24   2,338.84    569.50   1,769.34   1,608.49
Sat 17/02/24   3,669.72    949.50   2,720.22   2,472.93
Sun 18/02/24   2,938.79    729.50   2,209.29   2,008.45
Mon 19/02/24   1,659.89    418.50   1,241.39   1,128.54
Tue 20/02/24   2,329.85    590.00   1,739.85   1,581.68
Wed 21/02/24   1,448.87    311.50   1,137.37   1,033.97
Thu 22/02/24   2,109.86    454.50   1,655.36   1,504.87
Fri 23/02/24   1,389.91    425.00     964.91     877.19
Sat 24/02/24   3,928.74    875.50   3,053.24   2,775.67
Sun 25/02/24   2,266.88    517.50   1,749.38   1,590.35
Mon 26/02/24   2,289.82    554.97   1,734.85   1,577.14
Tue 27/02/24   2,349.81    645.98   1,703.83   1,548.94
Wed 28/02/24   2,239.87    615.98   1,623.89   1,476.26
Thu 29/02/24   3,049.81    775.00   2,274.81   2,068.01
Fri 01/03/24   1,699.87    386.50   1,313.37   1,193.97
Sat 02/03/24   3,985.66    979.59   3,006.07   2,732.79
Sun 03/03/24   6,139.64  1,630.48   4,509.16   4,099.24
Mon 04/03/24   4,739.69  1,358.48   3,381.21   3,073.83
Tue 05/03/24   2,543.90    403.99   2,139.91   1,945.37
Wed 06/03/24   2,150.88    311.94   1,838.94   1,671.76
Thu 07/03/24   1,881.91    234.97   1,646.94   1,497.22
Fri 08/03/24   3,001.80    700.38   2,301.42   2,092.20
Sat 09/03/24   3,706.81    403.93   3,302.88   3,002.62
Sun 10/03/24   2,536.81    412.89   2,123.92   1,930.84
Mon 11/03/24   1,342.94    183.97   1,158.97   1,053.61
Tue 12/03/24   3,591.75    805.86   2,785.89   2,532.63
Wed 13/03/24   2,415.88    310.00   2,105.88   1,914.44
Thu 14/03/24   1,729.92    255.50   1,474.42   1,340.38
Fri 15/03/24   5,872.71    895.00   4,977.71   4,525.19
Sat 16/03/24   4,586.29    709.50   3,876.79   3,524.35
Sun 17/03/24   4,299.80    533.00   3,766.80   3,424.36
Mon 18/03/24     517.98    100.99     416.99     379.08
Tue 19/03/24   1,031.92    138.16     893.76     812.51
Wed 20/03/24   2,765.86    326.18   2,439.68   2,217.89
Thu 21/03/24   3,572.77    642.91   2,929.86   2,663.51
Fri 22/03/24   3,174.77    677.50   2,497.27   2,270.25
Sat 23/03/24   4,342.78    867.54   3,475.24   3,159.31
Sun 24/03/24   2,083.88    295.94   1,787.94   1,625.40
Mon 25/03/24   1,568.95    283.59   1,285.36   1,168.51
Tue 26/03/24   3,403.82    721.76   2,682.06   2,438.24
Wed 27/03/24   5,994.58  1,347.93   4,646.65   4,224.23
Thu 28/03/24   6,035.70  1,253.18   4,782.52   4,347.75
Sat 30/03/24   2,600.82    566.16   2,034.66   1,849.69
Mon 01/04/24   3,765.81    801.16   2,964.65   2,695.14
Tue 02/04/24   2,145.87    359.76   1,786.11   1,623.74
Wed 03/04/24   4,263.76    724.14   3,539.62   3,217.84
Thu 04/04/24   2,257.86    355.37   1,902.49   1,729.54
Fri 05/04/24   5,265.72    949.69   4,316.03   3,923.66
Sat 06/04/24   2,458.83    320.69   2,138.14   1,943.76
Sun 07/04/24   3,555.79    942.77   2,613.02   2,375.47
Mon 08/04/24   2,606.85    501.04   2,105.81   1,914.37
Tue 09/04/24   1,477.93    270.40   1,207.53   1,097.75
Wed 10/04/24   4,689.72    728.95   3,960.77   3,600.70
Thu 11/04/24   2,921.84    473.47   2,448.37   2,225.79
Fri 12/04/24   2,697.82    678.99   2,018.83   1,835.30
Sat 13/04/24   5,449.66    965.18   4,484.48   4,076.80
Sun 14/04/24   5,388.70  1,154.92   4,233.78   3,848.89
Mon 15/04/24   2,437.81    352.91   2,084.90   1,895.36
Tue 16/04/24   2,417.86    421.97   1,995.89   1,814.45
Wed 17/04/24   6,427.61    951.92   5,475.69   4,977.90
Thu 18/04/24   3,621.79    668.99   2,952.80   2,684.36
Fri 19/04/24   4,553.95    783.96   3,769.99   3,427.26
Sat 20/04/24   6,169.64  1,146.02   5,023.62   4,566.93
Sun 21/04/24   3,479.80    598.00   2,881.80   2,619.82
Mon 22/04/24   4,719.72    743.98   3,975.74   3,614.31
Tue 23/04/24   3,887.72    546.98   3,340.74   3,037.04
Wed 24/04/24   5,534.62    785.46   4,749.16   4,317.42
Thu 25/04/24   2,879.80    830.90   2,048.90   1,862.64
Fri 26/04/24   4,039.76    934.95   3,104.81   2,822.55
Sat 27/04/24   7,211.59  1,616.40   5,595.19   5,086.54
Sun 28/04/24   3,554.78    697.50   2,857.28   2,597.53
Mon 29/04/24   4,949.66    981.00   3,968.66   3,607.87
Tue 30/04/24   4,779.74  1,053.98   3,725.76   3,387.05
Wed 01/05/24   3,789.79    749.00   3,040.79   2,764.35
Thu 02/05/24   3,007.81    640.98   2,366.83   2,151.66
Fri 03/05/24   5,139.70  1,167.00   3,972.70   3,611.55
Sat 04/05/24  10,355.34  2,376.42   7,978.92   7,253.56
Sun 05/05/24   6,579.59  1,321.97   5,257.62   4,779.65
Mon 06/05/24   6,319.68  1,215.00   5,104.68   4,640.62
Tue 07/05/24   3,099.84    749.00   2,350.84   2,137.13
Wed 08/05/24   4,549.71  1,028.99   3,520.72   3,200.65
Thu 09/05/24   5,994.57  1,564.98   4,429.59   4,026.90
Fri 10/05/24   6,344.59  1,645.07   4,699.52   4,272.29
Sat 11/05/24  11,289.38  3,142.50   8,146.88   7,406.25
Sun 12/05/24   6,619.63  1,710.49   4,909.14   4,462.85
Mon 13/05/24   6,489.58  1,713.49   4,776.09   4,341.90
Tue 14/05/24   7,779.54  1,896.42   5,883.12   5,348.29
Wed 15/05/24   5,079.71  1,264.44   3,815.27   3,468.43
Thu 16/05/24   8,919.40  2,601.83   6,317.57   5,743.25
Fri 17/05/24   4,269.69  1,093.45   3,176.24   2,887.49
Sat 18/05/24   7,389.54  2,213.88   5,175.66   4,705.15
Sun 19/05/24   6,639.61  1,942.94   4,696.67   4,269.70
Mon 20/05/24   3,999.73    848.49   3,151.24   2,864.76
Tue 21/05/24   3,923.75    842.49   3,081.26   2,801.15
Wed 22/05/24   3,640.79    718.50   2,922.29   2,656.63
Thu 23/05/24   2,594.85    566.49   2,028.36   1,843.96
Fri 24/05/24   2,831.81    528.00   2,303.81   2,094.37
Sat 25/05/24   5,736.71  1,425.50   4,311.21   3,919.28
Sun 26/05/24   3,746.78    752.98   2,993.80   2,721.64
Mon 27/05/24   4,469.76    962.95   3,506.81   3,188.01
Tue 28/05/24   3,629.91    481.47   3,148.44   2,862.22
Wed 29/05/24   4,942.86    741.97   4,200.89   3,818.99
Thu 30/05/24   5,287.78    888.92   4,398.86   3,998.96
Fri 31/05/24   4,866.85    522.94   4,343.91   3,949.01
Sat 01/06/24   3,543.89    301.98   3,241.91   2,947.19
Sun 02/06/24   4,415.81    643.93   3,771.88   3,428.98
Mon 03/06/24   3,987.92    480.48   3,507.44   3,188.58
Tue 04/06/24   2,194.87    194.99   1,999.88   1,818.07
Wed 05/06/24   3,297.84    207.99   3,089.85   2,808.95
Thu 06/06/24   4,660.77  1,232.52   3,428.25   3,116.59
Fri 07/06/24   4,029.87  1,063.98   2,965.89   2,696.26
Sat 08/06/24   8,729.61  1,957.55   6,772.06   6,156.42
Sun 09/06/24   4,969.73  1,305.51   3,664.22   3,331.11
Mon 10/06/24   4,917.89  1,012.79   3,905.10   3,550.09
Tue 11/06/24   2,931.91    668.39   2,263.52   2,057.75
Wed 12/06/24   3,710.79    769.77   2,941.02   2,673.65
Thu 13/06/24   4,254.78  1,076.43   3,178.35   2,889.41
Fri 14/06/24   2,707.88    745.37   1,962.51   1,784.10
Sat 15/06/24   5,703.69  1,397.95   4,305.74   3,914.31
Sun 16/06/24   5,556.76  1,409.03   4,147.73   3,770.66
Mon 17/06/24   4,522.75  1,308.42   3,214.33   2,922.12
Tue 18/06/24   2,132.90    454.01   1,678.89   1,526.26
Wed 19/06/24   2,031.89    485.88   1,546.01   1,405.46
Thu 20/06/24   1,214.95     98.40   1,116.55   1,015.05
Fri 21/06/24   2,923.85    550.49   2,373.36   2,157.60
Sat 22/06/24   1,698.93    370.50   1,328.43   1,207.66
Sun 23/06/24   4,844.77    955.98   3,888.79   3,535.26
Mon 24/06/24   4,603.79    829.25   3,774.54   3,431.40
Tue 25/06/24   3,633.87    454.50   3,179.37   2,890.34
Wed 26/06/24   5,378.72    889.00   4,489.72   4,081.56
Thu 27/06/24   4,723.81    857.05   3,866.76   3,515.24
Fri 28/06/24   4,147.37    825.87   3,321.50   3,019.55
Sat 29/06/24   4,265.82    752.96   3,512.86   3,193.51
Sun 30/06/24   5,599.31    833.47   4,765.84   4,332.58
Mon 01/07/24   3,143.86    612.99   2,530.87   2,300.79
Tue 02/07/24   2,602.90    550.68   2,052.22   1,865.65
Wed 03/07/24   4,623.84    833.61   3,790.23   3,445.66
Thu 04/07/24   4,382.87  1,030.45   3,352.42   3,047.65
Fri 05/07/24   1,631.97    318.50   1,313.47   1,194.06
Sat 06/07/24   2,831.80    763.95   2,067.85   1,879.86
Sun 07/07/24   1,892.89    449.57   1,443.32   1,312.11
Mon 08/07/24   2,398.86    535.69   1,863.17   1,693.79
Tue 09/07/24   1,794.93    516.79   1,278.14   1,161.95
Wed 10/07/24   3,102.81    854.49   2,248.32   2,043.93
Thu 11/07/24   1,669.93    560.48   1,109.45   1,008.59
Fri 12/07/24   3,595.86  1,040.19   2,555.67   2,323.34
Sat 13/07/24   7,310.69  1,946.93   5,363.76   4,876.15
Sun 14/07/24   2,305.91    526.24   1,779.67   1,617.88
Mon 15/07/24   3,702.83    886.10   2,816.73   2,560.66
Tue 16/07/24   2,245.88    531.47   1,714.41   1,558.55
Wed 17/07/24   2,903.85    919.64   1,984.21   1,803.83
Thu 18/07/24   3,449.80    986.62   2,463.18   2,239.25
Fri 19/07/24   2,135.87    777.75   1,358.12   1,234.65
Sat 20/07/24   2,478.82    877.89   1,600.93   1,455.39
Sun 21/07/24   1,530.95    446.15   1,084.80     986.18
Mon 22/07/24   4,805.78  1,323.48   3,482.30   3,165.73
Tue 23/07/24   4,066.79    839.99   3,226.80   2,933.45
Wed 24/07/24   2,988.75    553.92   2,434.83   2,213.48
Thu 25/07/24   3,929.76    774.91   3,154.85   2,868.05
Fri 26/07/24   3,076.81    582.43   2,494.38   2,267.62
Sat 27/07/24   3,783.77    776.42   3,007.35   2,733.95
Sun 28/07/24   2,259.85    560.45   1,699.40   1,544.91
Mon 29/07/24   1,966.85    455.29   1,511.56   1,374.15
Tue 30/07/24   2,187.92    500.47   1,687.45   1,534.05
Wed 31/07/24   3,497.77    469.96   3,027.81   2,752.55
Thu 01/08/24   2,885.79    237.20   2,648.59   2,407.81
Fri 02/08/24   2,215.84    268.95   1,946.89   1,769.90
Sat 03/08/24   4,655.72    806.91   3,848.81   3,498.92
Sun 04/08/24     887.43     94.49     792.94     720.85
Mon 05/08/24   2,118.85    426.92   1,691.93   1,538.12
Tue 06/08/24   1,088.91     57.00   1,031.91     938.10
Wed 07/08/24   2,528.85    221.98   2,306.87   2,097.15
Thu 08/08/24   2,070.88    408.47   1,662.41   1,511.28
Fri 09/08/24   4,124.73    665.45   3,459.28   3,144.80
Sat 10/08/24   5,756.58  1,010.85   4,745.73   4,314.30
Sun 11/08/24   6,556.65  1,327.90   5,228.75   4,753.41
Mon 12/08/24   1,269.91    208.00   1,061.91     965.37
Tue 13/08/24   1,328.89    304.96   1,023.93     930.85
Wed 14/08/24   3,329.80  1,188.97   2,140.83   1,946.21
Thu 15/08/24   3,347.80    685.47   2,662.33   2,420.30
Fri 16/08/24   2,429.82    479.98   1,949.84   1,772.58
Sat 17/08/24   6,786.51  1,497.56   5,288.95   4,808.14
Sun 18/08/24   1,516.85    290.91   1,225.94   1,114.49
Mon 19/08/24   1,683.91    273.00   1,410.91   1,282.65
Tue 20/08/24   1,504.93    164.87   1,340.06   1,218.24
Wed 21/08/24   3,368.86    282.00   3,086.86   2,806.24
Thu 22/08/24   1,641.91    106.98   1,534.93   1,395.39
Fri 23/08/24   3,279.85    291.99   2,987.86   2,716.24
Sat 24/08/24   5,722.72    517.87   5,204.85   4,731.68
Sun 25/08/24   5,070.66    522.93   4,547.73   4,134.30
Mon 26/08/24   2,942.84    284.96   2,657.88   2,416.25
Tue 27/08/24   3,956.76    651.80   3,304.96   3,004.51
Wed 28/08/24   3,302.80    319.96   2,982.84   2,711.67
Thu 29/08/24   5,230.71    937.35   4,293.36   3,903.05
Fri 30/08/24   7,904.46  1,330.62   6,573.84   5,976.22
Sat 31/08/24   9,746.54  1,671.79   8,074.75   7,340.68
Sun 01/09/24   4,839.70    705.38   4,134.32   3,758.47
Mon 02/09/24   3,844.76    507.20   3,337.56   3,034.15
Tue 03/09/24   7,546.63  1,405.38   6,141.25   5,582.95
Wed 04/09/24   6,356.61  1,352.55   5,004.06   4,549.15
Thu 05/09/24   3,350.79    152.78   3,198.01   2,907.28
Fri 06/09/24   2,355.84    299.29   2,056.55   1,869.59
Sat 07/09/24   4,028.74    595.36   3,433.38   3,121.25
Sun 08/09/24   2,722.86    379.97   2,342.89   2,129.90
Mon 09/09/24   1,255.93    136.18   1,119.75   1,017.95
Tue 10/09/24   3,176.78    759.80   2,416.98   2,197.25
Wed 11/09/24   4,073.77    970.97   3,102.80   2,820.73
Thu 12/09/24   1,975.91    511.44   1,464.47   1,331.34
Fri 13/09/24   3,636.80    902.83   2,733.97   2,485.43
Sat 14/09/24   5,333.66  1,464.27   3,869.39   3,517.63
Sun 15/09/24   2,685.86    692.80   1,993.06   1,811.87
Mon 16/09/24     228.99    -27.00     255.99     232.72
Tue 17/09/24   3,158.76    688.50   2,470.26   2,245.69
Wed 18/09/24   3,188.78    789.00   2,399.78   2,181.62
Thu 19/09/24   3,103.82    584.32   2,519.50   2,290.45
Fri 20/09/24   3,186.77    806.19   2,380.58   2,164.16
Sat 21/09/24   5,225.64  1,154.39   4,071.25   3,701.14
Sun 22/09/24   4,565.72  1,172.60   3,393.12   3,084.65
Mon 23/09/24   4,089.71    932.26   3,157.45   2,870.41
Tue 24/09/24   4,046.68    607.90   3,438.78   3,126.16
Wed 25/09/24   5,696.58  1,144.20   4,552.38   4,138.53
Thu 26/09/24     646.98    206.09     440.89     400.81
Fri 27/09/24   4,344.79    920.60   3,424.19   3,112.90
Sat 28/09/24   4,176.73    663.89   3,512.84   3,193.49
Sun 29/09/24   2,587.82    362.61   2,225.21   2,022.92
Mon 30/09/24   1,268.89    221.65   1,047.24     952.04
Tue 01/10/24   3,877.74    696.30   3,181.44   2,892.22
Wed 02/10/24   3,587.84    629.85   2,957.99   2,689.08
Thu 03/10/24   2,928.81    344.04   2,584.77   2,349.79
Fri 04/10/24   4,106.79  1,066.91   3,039.88   2,763.53
Sat 05/10/24   6,118.69  1,444.90   4,673.79   4,248.90
Sun 06/10/24   2,151.86    360.95   1,790.91   1,628.10
Mon 07/10/24   3,777.73    744.30   3,033.43   2,757.66
Tue 08/10/24   3,998.72    984.91   3,013.81   2,739.83
Wed 09/10/24   5,983.62  1,283.86   4,699.76   4,272.51
Thu 10/10/24   2,220.81    504.93   1,715.88   1,559.89
Fri 11/10/24   3,316.78    590.91   2,725.87   2,478.06
Sat 12/10/24   5,004.71    814.93   4,189.78   3,808.89
Sun 13/10/24   2,477.83    427.92   2,049.91   1,863.55
Mon 14/10/24   3,365.80    501.85   2,863.95   2,603.59
Tue 15/10/24   2,649.81    536.92   2,112.89   1,920.81
Wed 16/10/24   2,454.87    409.95   2,044.92   1,859.02
Thu 17/10/24   5,634.66    962.93   4,671.73   4,247.03
Fri 18/10/24   1,873.87    382.97   1,490.90   1,355.36
Sat 19/10/24   7,055.56  1,748.82   5,306.74   4,824.31
Sun 20/10/24   4,630.71    717.96   3,912.75   3,557.05
Mon 21/10/24   2,781.82    509.97   2,271.85   2,065.32
Tue 22/10/24   6,280.66  1,212.93   5,067.73   4,607.03
Wed 23/10/24   6,300.58  1,454.94   4,845.64   4,405.13
Thu 24/10/24   2,121.84    607.97   1,513.87   1,376.25
Fri 25/10/24   4,513.77  1,049.90   3,463.87   3,148.97
Sat 26/10/24   5,053.61    968.90   4,084.71   3,713.37
Sun 27/10/24   4,859.68  1,582.95   3,276.73   2,978.85
Mon 28/10/24   1,896.86    415.00   1,481.86   1,347.15
Tue 29/10/24   4,617.68    876.89   3,740.79   3,400.72
Wed 30/10/24   3,853.69    756.95   3,096.74   2,815.22
Thu 31/10/24   1,848.83    190.96   1,657.87   1,507.15
Fri 01/11/24   4,834.51    764.74   4,069.77   3,699.79
Sat 02/11/24   4,669.70    802.00   3,867.70   3,516.09
Sun 03/11/24   3,499.74    489.96   3,009.78   2,736.16
Mon 04/11/24   4,397.70    672.75   3,724.95   3,386.32
Tue 05/11/24   1,298.86    235.99   1,062.87     966.25
Wed 06/11/24   2,332.87    367.99   1,964.88   1,786.25
Thu 07/11/24   4,481.70    712.99   3,768.71   3,426.10
Fri 08/11/24   6,167.53  1,075.91   5,091.62   4,628.75
Sat 09/11/24   5,043.68    769.99   4,273.69   3,885.17
Sun 10/11/24   3,848.69    647.68   3,201.01   2,910.01
Mon 11/11/24   2,815.77    415.95   2,399.82   2,181.65
Tue 12/11/24   3,237.75    589.99   2,647.76   2,407.05
Wed 13/11/24   4,525.65    921.93   3,603.72   3,276.11
Thu 14/11/24   3,056.73    611.40   2,445.33   2,223.03
Fri 15/11/24   5,062.63  1,004.58   4,058.05   3,689.14
Sat 16/11/24   5,038.66  1,038.80   3,999.86   3,636.24
Sun 17/11/24   4,214.71    852.02   3,362.69   3,056.99
Mon 18/11/24   2,609.79    523.98   2,085.81   1,896.19
Tue 19/11/24   4,505.69  1,449.35   3,056.34   2,778.49
Wed 20/11/24   3,288.71    978.86   2,309.85   2,099.86
Thu 21/11/24   4,207.67  1,157.40   3,050.27   2,772.97
Fri 22/11/24   7,438.43  2,120.70   5,317.73   4,834.30
Sat 23/11/24   8,834.31  2,715.31   6,119.00   5,562.73
Sun 24/11/24   5,214.64  1,250.89   3,963.75   3,603.41
Mon 25/11/24   4,617.68  1,257.41   3,360.27   3,054.79
Tue 26/11/24   7,500.43  2,126.28   5,374.15   4,885.59
Wed 27/11/24   7,766.45  2,281.26   5,485.19   4,986.54
Thu 28/11/24   6,026.49  1,559.36   4,467.13   4,061.03
Fri 29/11/24  11,672.16  3,293.72   8,378.44   7,616.76
Sat 30/11/24   7,136.49  2,124.63   5,011.86   4,556.24
Sun 01/12/24   8,477.32  2,956.90   5,520.42   5,018.56
Mon 02/12/24   6,173.49  1,836.51   4,336.98   3,942.71
Tue 03/12/24   3,498.75    776.48   2,722.27   2,474.79
Wed 04/12/24   3,922.68    642.93   3,279.75   2,981.59
Thu 05/12/24   2,599.79    420.49   2,179.30   1,981.18
Fri 06/12/24   4,528.66    948.96   3,579.70   3,254.27
Sat 07/12/24   3,824.74    554.43   3,270.31   2,973.01
Sun 08/12/24   6,036.55  1,059.89   4,976.66   4,524.24
Mon 09/12/24   3,239.75    605.90   2,633.85   2,394.41
Tue 10/12/24   3,497.74    571.66   2,926.08   2,660.07
Wed 11/12/24   5,259.56  1,008.96   4,250.60   3,864.18
Thu 12/12/24   3,288.73    406.00   2,882.73   2,620.66
Fri 13/12/24   6,341.51    934.44   5,407.07   4,915.52
Sat 14/12/24   5,699.53  1,237.94   4,461.59   4,055.99
Sun 15/12/24   4,558.68    661.88   3,896.80   3,542.55
Mon 16/12/24   3,437.71    641.49   2,796.22   2,542.02
Tue 17/12/24   4,556.61  1,043.24   3,513.37   3,193.97
Wed 18/12/24   7,086.50  1,263.71   5,822.79   5,293.45
Thu 19/12/24   6,745.54  1,063.81   5,681.73   5,165.21
Fri 20/12/24   8,209.44  1,501.66   6,707.78   6,097.98
Sat 21/12/24  10,741.26  1,856.70   8,884.56   8,076.87
Sun 22/12/24   9,584.33  1,518.66   8,065.67   7,332.43
Mon 23/12/24  10,263.28  2,198.54   8,064.74   7,331.58
Tue 24/12/24  11,292.21  2,144.74   9,147.47   8,315.88
Thu 26/12/24   2,697.79    697.90   1,999.89   1,818.08
Fri 27/12/24   3,623.72    852.31   2,771.41   2,519.46
Sat 28/12/24   3,855.73    966.87   2,888.86   2,626.24
Sun 29/12/24   3,300.79    638.91   2,661.88   2,419.89
Mon 30/12/24   5,246.61  1,187.79   4,058.82   3,689.84
Tue 31/12/24   5,970.52  1,325.31   4,645.21   4,222.92
Thu 02/01/25   5,286.63    715.55   4,571.08   4,155.53
Fri 03/01/25   2,961.87    421.61   2,540.26   2,309.33
Sat 04/01/25   4,389.76    545.99   3,843.77   3,494.34
Sun 05/01/25   1,643.91    128.80   1,515.11   1,377.37
Mon 06/01/25   2,928.80    292.77   2,636.03   2,396.39
Tue 07/01/25   2,763.80    357.75   2,406.05   2,187.32
Wed 08/01/25   1,857.93    269.39   1,588.54   1,444.13
Thu 09/01/25   1,277.90    141.41   1,136.49   1,033.17
Fri 10/01/25   1,472.93    286.89   1,186.04   1,078.22
Sat 11/01/25   3,553.73    487.18   3,066.55   2,787.77
Sun 12/01/25   1,105.91    116.30     989.61     899.65
Mon 13/01/25   2,732.83    429.57   2,303.26   2,093.87
Tue 14/01/25   1,866.89    386.81   1,480.08   1,345.53
Wed 15/01/25   2,113.88    335.19   1,778.69   1,616.99
Thu 16/01/25   1,508.87    318.40   1,190.47   1,082.25
Fri 17/01/25   1,709.89    388.00   1,321.89   1,201.72
Sat 18/01/25   5,205.72    979.80   4,225.92   3,841.75
Sun 19/01/25   1,499.94    314.99   1,184.95   1,077.23
Mon 20/01/25   3,315.81    474.79   2,841.02   2,582.75
Tue 21/01/25     656.97    216.65     440.32     400.29
Wed 22/01/25   2,048.85    512.25   1,536.60   1,396.91
Thu 23/01/25   2,446.84    581.75   1,865.09   1,695.54
Fri 24/01/25   5,014.66  1,033.25   3,981.41   3,619.46
Sat 25/01/25   2,857.80    669.50   2,188.30   1,989.36
Sun 26/01/25   1,477.90    309.50   1,168.40   1,062.18
Mon 27/01/25     149.99     37.50     112.49     102.26
Tue 28/01/25     998.93    120.50     878.43     798.57
Wed 29/01/25     579.95     30.00     549.95     499.95
Thu 30/01/25   1,642.60    137.50   1,505.10   1,368.27
Fri 31/01/25   4,469.70    549.47   3,920.23   3,563.85
Sat 01/02/25   4,447.76    517.00   3,930.76   3,573.42
Sun 02/02/25   1,759.62    136.74   1,622.88   1,475.35
Mon 03/02/25   1,198.92     46.00   1,152.92   1,048.11
Tue 04/02/25   4,438.69    582.00   3,856.69   3,506.08
Wed 05/02/25   1,320.90    273.45   1,047.45     952.23
Thu 06/02/25   6,544.57  1,706.95   4,837.62   4,397.84
Fri 07/02/25   4,349.71    961.99   3,387.72   3,079.75
Sat 08/02/25   2,348.81    476.00   1,872.81   1,702.55
Sun 09/02/25   2,589.78    664.00   1,925.78   1,750.71
Mon 10/02/25   3,048.77    751.49   2,297.28   2,088.44
Tue 11/02/25   2,579.81    548.00   2,031.81   1,847.10
Wed 12/02/25   4,277.69  1,019.48   3,258.21   2,962.01
Thu 13/02/25   1,488.88    247.00   1,241.88   1,128.98
Fri 14/02/25   1,073.91    128.00     945.91     859.92
Sat 15/02/25   2,678.81    580.50   2,098.31   1,907.55
Sun 16/02/25   6,637.59  1,817.48   4,820.11   4,381.92
Mon 17/02/25   2,375.84    595.48   1,780.36   1,618.51
Tue 18/02/25   1,598.90    385.00   1,213.90   1,103.55
Wed 19/02/25   2,194.34    414.50   1,779.84   1,618.04
Thu 20/02/25   1,329.94    338.00     991.94     901.76
Fri 21/02/25   2,328.85    531.50   1,797.35   1,633.95
Sat 22/02/25   4,020.73    933.97   3,086.76   2,806.15
Sun 23/02/25   3,428.76    848.50   2,580.26   2,345.69
Mon 24/02/25   1,679.88    354.00   1,325.88   1,205.35
Tue 25/02/25   1,669.87    328.50   1,341.37   1,219.43
Wed 26/02/25   2,969.79    722.96   2,246.83   2,042.57
Thu 27/02/25   4,479.70  1,412.50   3,067.20   2,788.36
Fri 28/02/25   2,389.83    467.25   1,922.58   1,747.80
Sat 01/03/25   4,546.70  1,240.98   3,305.72   3,005.20
Sun 02/03/25   3,969.66    888.96   3,080.70   2,800.64
Mon 03/03/25   6,829.59  1,812.98   5,016.61   4,560.55
Tue 04/03/25   1,059.91    -46.00   1,105.91   1,005.37
Wed 05/03/25   4,599.74    331.00   4,268.74   3,880.67
Thu 06/03/25   2,552.86    209.01   2,343.85   2,130.77
Fri 07/03/25   3,410.80    698.92   2,711.88   2,465.35
Sat 08/03/25   3,869.82    394.92   3,474.90   3,159.00
Sun 09/03/25   3,917.78    338.94   3,578.84   3,253.49
Mon 10/03/25     832.94     35.99     796.95     724.50
Tue 11/03/25   1,972.89    338.55   1,634.34   1,485.76
Wed 12/03/25   5,126.67  1,072.43   4,054.24   3,685.67
Thu 13/03/25   3,954.76    622.91   3,331.85   3,028.95
Fri 14/03/25   1,238.87    162.69   1,076.18     978.35
Sat 15/03/25   5,984.64  1,085.88   4,898.76   4,453.42
Sun 16/03/25      98.96    131.75     -32.79     -29.81
Mon 17/03/25   1,845.87    356.64   1,489.23   1,353.85
Tue 18/03/25   4,136.78    770.59   3,366.19   3,060.17
Wed 19/03/25   3,188.79    729.80   2,458.99   2,235.45
Thu 20/03/25   2,529.83    526.00   2,003.83   1,821.66
Fri 21/03/25   6,358.61  1,400.80   4,957.81   4,507.10
Sat 22/03/25   5,126.72  1,070.40   4,056.32   3,687.56
Sun 23/03/25   2,566.84    486.81   2,080.03   1,890.94
Mon 24/03/25   2,659.79    581.98   2,077.81   1,888.92
Tue 25/03/25   1,599.89    320.00   1,279.89   1,163.54
Wed 26/03/25   4,239.73    831.00   3,408.73   3,098.85
Thu 27/03/25   1,249.91    181.00   1,068.91     971.74
--------------------------------------------------------
Total       3,911,264.7726,727.393,184,537.42,895,033.9
--------------------------------------------------------

PLEASE NOTE:
Ex-GST column is calculated with the assumption that all
products are GST inclusive

Printed by Pammi
At Store SC FS Balmain
27/03/2025 2:30 PM        DailySalesSummary_APG_79579.DoRep
